colortable Alpine
	0.00	0.25	0.00
	0.00	0.30	0.00
	0.00	0.35	0.00
	0.00	0.40	0.00
	0.00	0.45	0.00
	0.00	0.50	0.00
	0.00	0.55	0.00
	0.05	0.55	0.05
	0.05	0.60	0.05
	0.05	0.65	0.05
	0.10	0.65	0.10
	0.25	0.65	0.25
	0.35	0.65	0.35
	0.45	0.65	0.45
	0.45	0.70	0.45
	0.45	0.70	0.50
	0.50	0.75	0.55
	0.50	0.80	0.40	
	0.60	0.80	0.30
	0.60	0.80	0.20
	0.60	0.70	0.20
	0.60	0.65	0.20
	0.60	0.60	0.20
	0.60	0.55	0.20
	0.60	0.50	0.20
	0.60	0.45	0.20
	0.60	0.40	0.20
	0.60	0.35	0.20
	0.60	0.30	0.20
	0.60	0.25	0.20
	0.60	0.20	0.20
	0.65	0.25	0.25
	0.65	0.30	0.25
	0.70	0.35	0.30
	0.75	0.35	0.30
	0.80	0.40	0.30
	0.85	0.45	0.30
	0.85	0.50	0.30
	0.85	0.55	0.30
	0.85	0.60	0.30
	0.85	0.65	0.30
	0.85	0.70	0.35
	0.85	0.70	0.35
	0.90	0.75	0.35
	0.80	0.80	0.80
	0.85	0.85	0.85
	0.90	0.90	0.90
	0.95	0.95	0.95
	1.00	1.00	1.00
	1.00	1.00	1.00
	1.00	1.00	1.00
	1.00	1.00	1.00
endtable
