colortable cook16
	0.938	0.000	0.938
	0.938	0.000	0.938
	0.938	0.000	0.938
	0.938	0.000	0.938
	0.938	0.000	0.938
	0.684	0.391	0.977
	0.684	0.391	0.977
	0.684	0.391	0.977
	0.684	0.391	0.977
	0.684	0.391	0.977
	0.000	0.992	0.938
	0.000	0.992	0.938
	0.000	0.992	0.938
	0.000	0.992	0.938
	0.000	0.992	0.938
	0.000	0.586	0.898
	0.000	0.586	0.898
	0.000	0.586	0.898
	0.000	0.586	0.898
	0.000	0.586	0.898
	0.000	0.996	0.000
	0.000	0.996	0.000
	0.000	0.996	0.000
	0.000	0.996	0.000
	0.000	0.996	0.000
	0.000	0.742	0.000
	0.000	0.742	0.000
	0.000	0.742	0.000
	0.000	0.742	0.000
	0.000	0.742	0.000
	0.000	0.539	0.000
	0.000	0.539	0.000
	0.000	0.539	0.000
	0.000	0.539	0.000
	0.000	0.539	0.000
	0.738	0.738	0.738
	0.738	0.738	0.738
	0.438	0.438	0.438
	0.738	0.738	0.738
	0.738	0.738	0.738
	0.703	0.488	0.273
	0.703	0.488	0.273
	0.703	0.488	0.273
	0.703	0.488	0.273
	0.703	0.488	0.273
	0.742	0.625	0.469
	0.742	0.625	0.469
	0.742	0.625	0.469
	0.742	0.625	0.469
	0.742	0.625	0.469
	0.996	0.488	0.000
	0.996	0.488	0.000
	0.996	0.488	0.000
	0.996	0.488	0.000
	0.996	0.488	0.000
	0.996	0.645	0.000
	0.996	0.645	0.000
	0.996	0.645	0.000
	0.996	0.645	0.000
	0.996	0.645	0.000
	0.938	0.820	0.000
	0.938	0.820	0.000
	0.938	0.820	0.000
	0.938	0.820	0.000
	0.938	0.820	0.000
	0.996	0.605	0.605
	0.996	0.605	0.605
	0.996	0.605	0.605
	0.996	0.605	0.605
	0.996	0.605	0.605
	0.996	0.000	0.000
	0.996	0.000	0.000
	0.996	0.000	0.000
	0.996	0.000	0.000
	0.996	0.000	0.000
endtable
