colortable DZmm5
         0         0         0
         0         0         0
         0         0         0
         0         0         0
         0         0         0
         0         0         0
         0         0         0
         0         0         0
         0         0         0
         0         0         0
    0.6078    0.6078    0.6078
    0.4588    0.4588    0.4588
         1    0.6588    0.6588
    0.9294    0.5372    0.5372
    0.7764    0.4274    0.4274
         0         1    0
         0    0.4980    0
    0.9294         1    0     
    0.7490    0.7490    0
endtable 
