colortable ncar_wv
   1.0	  0.725	 0.059	! 168
   1.0	  0.647	 0.0	! 173
   1.0	  0.510	 0.278	! 178
   1.0	  0.447	 0.337	! 183
   1.0	  0.0	 0.0	! 188
   0.933  0.0	 0.0	! 193
   0.804  0.0	 0.0	! 198
   0.545  0.0	 0.0	! 203
   0.576  0.439	 0.859	! 208
   0.627  0.125	 0.941	! 212
   0.6	  0.196	 0.8	! 221
   0.478  0.216	 0.545	! 227
   0.408  0.133	 0.545	! 233
   0.365  0.278	 0.545	! 238
   0.0    0.0	 0.545	! 242
   0.416  0.353	 0.804	! 245
   0.482  0.408	 0.933	! 248
   0.392  0.584	 0.929	! 251
   0.0	  0.749	 1.0	! 254
   0.0	  1.0	 1.0	! 257
   0.686  0.933	 0.933	! 260
   1.0	  0.894	 0.769	! 263
   1.0	  0.922	 0.804	! 266
   0.980  0.941	 0.902	! 270
   0.529  0.529	 0.529	! 273
   0.510  0.510	 0.510	! 277
   0.471  0.471	 0.471	! 281
   0.440  0.440	 0.440	! 285
   0.412  0.412	 0.412	! 288
   0.369  0.369	 0.369	! 291   
   0.341  0.341	 0.341	! 294   
   0.310  0.310	 0.310	! 297
   0.302  0.302	 0.302	! 301
   0.278  0.278	 0.278	! 304
   0.251  0.251	 0.251	! 308
   0.212  0.212	 0.212	! 311
   0.161  0.161	 0.161	! 315
   0.110  0.110  0.110	! 320
   0.0    0.0    0.0	! 325
   0.0    0.0    0.0	! 330+
endtable







