colortable ncar_gray_wv
    1.0	    1.0	   1.0
    1.0	    1.0	   1.0
    1.0	    1.0	   1.0
    1.0	    1.0	   1.0
    1.0	    1.0	   1.0
    1.0	    1.0	   1.0
    1.0	    1.0	   1.0
    1.0	    1.0	   1.0
    1.0	    1.0	   1.0
    1.0	    1.0	   1.0
    1.0	    1.0	   1.0
    1.0	    1.0	   1.0	   	   
    0.988   0.988  0.988 
    0.949   0.949  0.949 
    0.898   0.898  0.898
    0.851   0.851  0.851
    0.8     0.8    0.8
    0.749   0.749  0.749
    0.702   0.702  0.702
    0.651   0.651  0.651
    0.580   0.580  0.580
    0.549   0.549  0.549
    0.498   0.498  0.498
    0.451  0.451  0.451
    0.4    0.4    0.4
    0.349  0.349  0.349
    0.302  0.302  0.302
    0.251  0.251  0.251
    0.2    0.2    0.2
    0.102  0.102  0.102
    0.051  0.051  0.051
    0.051  0.051  0.051
    0.0	   0.0	  0.0
    0.0	   0.0	  0.0
    0.0	   0.0	  0.0
    0.0	   0.0	  0.0
    0.0	   0.0	  0.0
    0.0	   0.0	  0.0
    0.0	   0.0	  0.0
    0.0	   0.0	  0.0
    0.0	   0.0	  0.0
    0.0	   0.0	  0.0
    0.0	   0.0	  0.0
    0.0	   0.0	  0.0
endtable