!
! A 128-color version of scook, for raster data.
!
colortable scook
!	0.000	0.000	0.000
	0.926	0.012	0.938
	0.898	0.035	0.941
	0.875	0.055	0.941
	0.836	0.074	0.938
	0.801	0.094	0.934
	0.762	0.113	0.930
	0.727	0.133	0.930
	0.688	0.152	0.926
	0.652	0.172	0.922
	0.613	0.195	0.918
	0.578	0.215	0.914
	0.543	0.234	0.910
	0.504	0.254	0.906
	0.469	0.277	0.902
	0.434	0.297	0.898
	0.398	0.320	0.895
	0.363	0.340	0.891
	0.328	0.363	0.887
	0.293	0.387	0.883
	0.258	0.410	0.879
	0.223	0.430	0.871
	0.188	0.453	0.867
	0.156	0.477	0.863
	0.121	0.500	0.859
	0.086	0.523	0.855
	0.055	0.547	0.848
	0.020	0.570	0.844
	0.016	0.605	0.816
	0.012	0.637	0.781
	0.012	0.660	0.742
	0.008	0.688	0.699
	0.008	0.711	0.656
	0.008	0.730	0.613
	0.008	0.754	0.570
	0.004	0.777	0.523
	0.004	0.797	0.480
	0.004	0.820	0.434
	0.004	0.840	0.391
	0.000	0.855	0.348
	0.000	0.867	0.301
	0.000	0.875	0.258
	0.000	0.871	0.215
	0.000	0.863	0.176
	0.000	0.852	0.141
	0.000	0.832	0.109
	0.000	0.812	0.086
	0.000	0.789	0.062
	0.000	0.766	0.047
	0.000	0.742	0.031
	0.000	0.719	0.023
	0.000	0.695	0.016
	0.000	0.676	0.012
	0.004	0.652	0.012
	0.016	0.637	0.020
	0.031	0.621	0.035
	0.062	0.613	0.062
	0.105	0.609	0.109
	0.168	0.613	0.168
	0.242	0.617	0.242
	0.324	0.629	0.324
	0.414	0.641	0.414
	0.504	0.652	0.504
	0.598	0.664	0.598
	0.781	0.781	0.781
	0.691	0.645	0.598
	0.695	0.621	0.551
	0.699	0.602	0.500
	0.703	0.582	0.453
	0.711	0.562	0.414
	0.715	0.551	0.379
	0.723	0.543	0.355
	0.730	0.539	0.340
	0.738	0.539	0.328
	0.746	0.539	0.320
	0.754	0.543	0.312
	0.770	0.547	0.309
	0.781	0.551	0.301
	0.797	0.555	0.289
	0.812	0.555	0.273
	0.828	0.559	0.258
	0.844	0.559	0.238
	0.859	0.559	0.215
	0.875	0.562	0.191
	0.895	0.562	0.168
	0.910	0.566	0.145
	0.922	0.570	0.125
	0.934	0.574	0.105
	0.945	0.582	0.086
	0.953	0.590	0.070
	0.961	0.602	0.059
	0.965	0.613	0.047
	0.969	0.625	0.043
	0.973	0.637	0.039
	0.973	0.648	0.039
	0.973	0.660	0.043
	0.973	0.672	0.055
	0.973	0.684	0.066
	0.973	0.691	0.082
	0.969	0.695	0.102
	0.969	0.699	0.121
	0.969	0.699	0.148
	0.969	0.695	0.176
	0.969	0.691	0.207
	0.973	0.680	0.238
	0.973	0.668	0.270
	0.977	0.652	0.301
	0.977	0.637	0.324
	0.980	0.613	0.352
	0.980	0.590	0.367
	0.984	0.566	0.383
	0.988	0.539	0.391
	0.988	0.512	0.395
	0.992	0.480	0.391
	0.992	0.449	0.379
	0.992	0.418	0.363
	0.996	0.383	0.344
	0.996	0.348	0.320
	0.996	0.312	0.293
	0.996	0.277	0.266
	0.996	0.242	0.234
	0.996	0.207	0.203
	0.996	0.172	0.168
	0.996	0.141	0.137
	0.996	0.105	0.105
	0.996	0.074	0.074
	0.996	0.047	0.047
	0.996	0.016	0.016
endtable
