colortable toga_vel
	  0      0.255  0.992		! 2
	  0  	 0.580   0.863		! 5
	  0  	 0.761   0.765		! 8
	  0  	 0.722   0.729		!11
	  0  	 0.616   0.588		!14
	  0  	 0.537   0.431		!17
	  0  	 0.553   0.290		!20
	  0  	 0.745   0.157		!23
	  0  	 0.840   0.090		!26
	  0.020	 0.922	 0.055		!29
	  0.094	 0.969	 0.106		!32
	  0.373	 1.0	 0.133		!35
	  1.0	 0.949	 0.055		!38
	  1.0	 0.835	 0.0		!41
	  1.0	 0.730	 0.0		!44
	  1.0	 0.656	 0.0		!47
	  1.0	 0.584	 0.0		!50
	  1.0	 0.373	 0.0		!53
	  0.910	 0.047	 0.039		!56
	  0.769	 0.008	 0.192		!59
	  0.816	 0.0	 0.463		!62
	  0.937	 0.0	 0.824		!65
endtable