colortable toga_radar
	  0      0.255  0.992		! 2
    	  0   	 0.357  0.949		! 3
    	  0   	 0.471  0.902 	   	! 4
	  0  	 0.580   0.863		! 5
	  0  	 0.686   0.820		! 6
	  0  	 0.777   0.777		! 7
	  0  	 0.761   0.765		! 8
	  0  	 0.737   0.741		! 9
	  0  	 0.722   0.729		!10
	  0  	 0.722   0.729		!11
  	  0  	 0.663   0.678		!12
	  0  	 0.631   0.624		!13
	  0  	 0.616   0.588		!14
	  0  	 0.580   0.522		!15
	  0  	 0.565   0.491		!16
	  0  	 0.537   0.431		!17
	  0  	 0.518   0.392		!18
	  0  	 0.533   0.333		!19
	  0  	 0.553   0.290		!20
	  0  	 0.584   0.224		!21
	  0  	 0.655   0.188		!22
	  0  	 0.745   0.157		!23
	  0  	 0.776   0.137		!24
	  0  	 0.808   0.114		!25
	  0  	 0.840   0.090		!26
	  0  	 0.871   0.067		!27
	  0  	 0.902   0.047		!28
	  0.020	 0.922	 0.055		!29
	  0.050  0.941	 0.075		!30
	  0.075	 0.957	 0.094		!31
	  0.094	 0.969	 0.106		!32
	  0.114	 0.984	 0.122		!33
	  0.133	 0.996	 0.133		!34
	  0.373	 1.0	 0.133		!35
 	  0.714	 1.0	 0.126		!36
	  1.0	 1.0	 0.118		!37
	  1.0	 0.949	 0.055		!38
	  1.0	 0.949	 0.055		!39
	  1.0	 0.871	 0.0		!40
	  1.0	 0.835	 0.0		!41
	  1.0	 0.804	 0.0		!42
	  1.0	 0.773	 0.0		!43
	  1.0	 0.730	 0.0		!44
	  1.0	 0.702	 0.0		!45
	  1.0	 0.671	 0.0		!46
	  1.0	 0.656	 0.0		!47
	  1.0	 0.627	 0.0		!48
	  1.0	 0.608	 0.0		!49
	  1.0	 0.584	 0.0		!50
	  1.0	 0.522	 0.0		!51
	  1.0	 0.463	 0.0		!52
	  1.0	 0.373	 0.0		!53
	  0.976	 0.231	 0.0		!54
	  0.949	 0.067	 0.0		!55
	  0.910	 0.047	 0.039		!56
 	  0.859	 0.031	 0.094 		!57
	  0.812	 0.020	 0.145		!58
	  0.769	 0.008	 0.192		!59
	  0.745	 0.0	 0.259		!60
	  0.780	 0.0	 0.361		!61
	  0.816	 0.0	 0.463		!62
	  0.867	 0.0	 0.629		!63
	  0.902	 0.0	 0.722		!64
	  0.937	 0.0	 0.824		!65
	  1.0	 0.0	 1.0		!66
	  1.0	 0.0	 1.0		!67
	  1.0	 0.0	 1.0		!68
	  1.0	 0.0	 1.0		!69
	  1.0	 0.0	 1.0		!70
	  1.0	 0.0	 1.0		!71
	  1.0	 0.0	 1.0		!72
endtable